<html>
<head><meta charset="utf-8" /></head>
<body>
    <div>                        <script type="text/javascript">window.PlotlyConfig = {MathJaxConfig: 'local'};</script>
        <script charset="utf-8" src="https://cdn.plot.ly/plotly-2.35.2.min.js"></script>                <div id="f057539f-c4fd-4c26-89c9-5f97628596b9" class="plotly-graph-div" style="height:700px; width:800px;"></div>            <script type="text/javascript">                                    window.PLOTLYENV=window.PLOTLYENV || {};                                    if (document.getElementById("f057539f-c4fd-4c26-89c9-5f97628596b9")) {                    Plotly.newPlot(                        "f057539f-c4fd-4c26-89c9-5f97628596b9",                        [{"coloraxis":"coloraxis","name":"0","texttemplate":"%{z:.2f}","x":["minutes","n_steps","n_ingredients","rating","avg_rating","calories","total_fat","sugar","sodium","protein","sat_fat","carbs"],"y":["minutes","n_steps","n_ingredients","rating","avg_rating","calories","total_fat","sugar","sodium","protein","sat_fat","carbs"],"z":[[1.0,0.06903960946832398,-0.01161866483148117,0.007814861935692438,0.009670610743495844,0.04662910837916475,-0.0027576960034060914,0.0024152366753705957,0.012366587488981388,0.014405989202361691,-0.0014043439146941422,0.033118202697653594],[0.06903960946832398,1.0,0.42095536550083607,-5.201677246299151e-05,-0.008061299118823707,0.20959874580678253,0.18581139165200172,0.13631789905308056,0.041568006106911116,0.16037129049283816,0.20181605805748506,0.16486674631410134],[-0.01161866483148117,0.42095536550083607,1.0,-0.00017640968396581268,-0.010878909033233223,0.1530368015778731,0.14223172044993979,0.027533803596880974,0.1262522952741189,0.17963682618017413,0.1269826015307083,0.09879318014747127],[0.007814861935692438,-5.201677246299151e-05,-0.00017640968396581268,1.0,0.7021942117936613,-0.012719253854379676,-0.006538452230797876,-0.005849736881951032,-0.002181612803580896,-0.016744179587225176,-0.005942254532165078,-0.012070915078299722],[0.009670610743495844,-0.008061299118823707,-0.010878909033233223,0.7021942117936613,1.0,-0.04554142036469254,-0.03204069551446751,-0.03393999873306269,-0.011582728344804505,-0.0341367649974345,-0.02586953905968927,-0.045626965537704706],[0.04662910837916475,0.20959874580678253,0.1530368015778731,-0.012719253854379676,-0.04554142036469254,1.0,0.8797570533059269,0.7084046139590167,0.3031509490033712,0.615296190280474,0.7958261383815459,0.8299240885680673],[-0.0027576960034060914,0.18581139165200172,0.14223172044993979,-0.006538452230797876,-0.03204069551446751,0.8797570533059269,1.0,0.4992281782691223,0.23072016443047952,0.5392050893363514,0.8766189387469115,0.5193697918576142],[0.0024152366753705957,0.13631789905308056,0.027533803596880974,-0.005849736881951032,-0.03393999873306269,0.7084046139590167,0.4992281782691223,1.0,0.1406479791715244,0.1456810072220659,0.5131111407036474,0.8383334982759886],[0.012366587488981388,0.041568006106911116,0.1262522952741189,-0.002181612803580896,-0.011582728344804505,0.3031509490033712,0.23072016443047952,0.1406479791715244,1.0,0.2650181559310851,0.1924816373616628,0.2682574669458601],[0.014405989202361691,0.16037129049283816,0.17963682618017413,-0.016744179587225176,-0.0341367649974345,0.615296190280474,0.5392050893363514,0.1456810072220659,0.2650181559310851,1.0,0.4450024392297311,0.2755900323358],[-0.0014043439146941422,0.20181605805748506,0.1269826015307083,-0.005942254532165078,-0.02586953905968927,0.7958261383815459,0.8766189387469115,0.5131111407036474,0.1924816373616628,0.4450024392297311,1.0,0.5155755691529222],[0.033118202697653594,0.16486674631410134,0.09879318014747127,-0.012070915078299722,-0.045626965537704706,0.8299240885680673,0.5193697918576142,0.8383334982759886,0.2682574669458601,0.2755900323358,0.5155755691529222,1.0]],"type":"heatmap","xaxis":"x","yaxis":"y","hovertemplate":"x: %{x}\u003cbr\u003ey: %{y}\u003cbr\u003ecolor: %{z}\u003cextra\u003e\u003c\u002fextra\u003e"}],                        {"template":{"data":{"barpolar":[{"marker":{"line":{"color":"white","width":0.5},"pattern":{"fillmode":"overlay","size":10,"solidity":0.2}},"type":"barpolar"}],"bar":[{"error_x":{"color":"rgb(36,36,36)"},"error_y":{"color":"rgb(36,36,36)"},"marker":{"line":{"color":"white","width":0.5},"pattern":{"fillmode":"overlay","size":10,"solidity":0.2}},"type":"bar"}],"carpet":[{"aaxis":{"endlinecolor":"rgb(36,36,36)","gridcolor":"white","linecolor":"white","minorgridcolor":"white","startlinecolor":"rgb(36,36,36)"},"baxis":{"endlinecolor":"rgb(36,36,36)","gridcolor":"white","linecolor":"white","minorgridcolor":"white","startlinecolor":"rgb(36,36,36)"},"type":"carpet"}],"choropleth":[{"colorbar":{"outlinewidth":1,"tickcolor":"rgb(36,36,36)","ticks":"outside"},"type":"choropleth"}],"contourcarpet":[{"colorbar":{"outlinewidth":1,"tickcolor":"rgb(36,36,36)","ticks":"outside"},"type":"contourcarpet"}],"contour":[{"colorbar":{"outlinewidth":1,"tickcolor":"rgb(36,36,36)","ticks":"outside"},"colorscale":[[0.0,"#440154"],[0.1111111111111111,"#482878"],[0.2222222222222222,"#3e4989"],[0.3333333333333333,"#31688e"],[0.4444444444444444,"#26828e"],[0.5555555555555556,"#1f9e89"],[0.6666666666666666,"#35b779"],[0.7777777777777778,"#6ece58"],[0.8888888888888888,"#b5de2b"],[1.0,"#fde725"]],"type":"contour"}],"heatmapgl":[{"colorbar":{"outlinewidth":1,"tickcolor":"rgb(36,36,36)","ticks":"outside"},"colorscale":[[0.0,"#440154"],[0.1111111111111111,"#482878"],[0.2222222222222222,"#3e4989"],[0.3333333333333333,"#31688e"],[0.4444444444444444,"#26828e"],[0.5555555555555556,"#1f9e89"],[0.6666666666666666,"#35b779"],[0.7777777777777778,"#6ece58"],[0.8888888888888888,"#b5de2b"],[1.0,"#fde725"]],"type":"heatmapgl"}],"heatmap":[{"colorbar":{"outlinewidth":1,"tickcolor":"rgb(36,36,36)","ticks":"outside"},"colorscale":[[0.0,"#440154"],[0.1111111111111111,"#482878"],[0.2222222222222222,"#3e4989"],[0.3333333333333333,"#31688e"],[0.4444444444444444,"#26828e"],[0.5555555555555556,"#1f9e89"],[0.6666666666666666,"#35b779"],[0.7777777777777778,"#6ece58"],[0.8888888888888888,"#b5de2b"],[1.0,"#fde725"]],"type":"heatmap"}],"histogram2dcontour":[{"colorbar":{"outlinewidth":1,"tickcolor":"rgb(36,36,36)","ticks":"outside"},"colorscale":[[0.0,"#440154"],[0.1111111111111111,"#482878"],[0.2222222222222222,"#3e4989"],[0.3333333333333333,"#31688e"],[0.4444444444444444,"#26828e"],[0.5555555555555556,"#1f9e89"],[0.6666666666666666,"#35b779"],[0.7777777777777778,"#6ece58"],[0.8888888888888888,"#b5de2b"],[1.0,"#fde725"]],"type":"histogram2dcontour"}],"histogram2d":[{"colorbar":{"outlinewidth":1,"tickcolor":"rgb(36,36,36)","ticks":"outside"},"colorscale":[[0.0,"#440154"],[0.1111111111111111,"#482878"],[0.2222222222222222,"#3e4989"],[0.3333333333333333,"#31688e"],[0.4444444444444444,"#26828e"],[0.5555555555555556,"#1f9e89"],[0.6666666666666666,"#35b779"],[0.7777777777777778,"#6ece58"],[0.8888888888888888,"#b5de2b"],[1.0,"#fde725"]],"type":"histogram2d"}],"histogram":[{"marker":{"line":{"color":"white","width":0.6}},"type":"histogram"}],"mesh3d":[{"colorbar":{"outlinewidth":1,"tickcolor":"rgb(36,36,36)","ticks":"outside"},"type":"mesh3d"}],"parcoords":[{"line":{"colorbar":{"outlinewidth":1,"tickcolor":"rgb(36,36,36)","ticks":"outside"}},"type":"parcoords"}],"pie":[{"automargin":true,"type":"pie"}],"scatter3d":[{"line":{"colorbar":{"outlinewidth":1,"tickcolor":"rgb(36,36,36)","ticks":"outside"}},"marker":{"colorbar":{"outlinewidth":1,"tickcolor":"rgb(36,36,36)","ticks":"outside"}},"type":"scatter3d"}],"scattercarpet":[{"marker":{"colorbar":{"outlinewidth":1,"tickcolor":"rgb(36,36,36)","ticks":"outside"}},"type":"scattercarpet"}],"scattergeo":[{"marker":{"colorbar":{"outlinewidth":1,"tickcolor":"rgb(36,36,36)","ticks":"outside"}},"type":"scattergeo"}],"scattergl":[{"marker":{"colorbar":{"outlinewidth":1,"tickcolor":"rgb(36,36,36)","ticks":"outside"}},"type":"scattergl"}],"scattermapbox":[{"marker":{"colorbar":{"outlinewidth":1,"tickcolor":"rgb(36,36,36)","ticks":"outside"}},"type":"scattermapbox"}],"scatterpolargl":[{"marker":{"colorbar":{"outlinewidth":1,"tickcolor":"rgb(36,36,36)","ticks":"outside"}},"type":"scatterpolargl"}],"scatterpolar":[{"marker":{"colorbar":{"outlinewidth":1,"tickcolor":"rgb(36,36,36)","ticks":"outside"}},"type":"scatterpolar"}],"scatter":[{"fillpattern":{"fillmode":"overlay","size":10,"solidity":0.2},"type":"scatter"}],"scatterternary":[{"marker":{"colorbar":{"outlinewidth":1,"tickcolor":"rgb(36,36,36)","ticks":"outside"}},"type":"scatterternary"}],"surface":[{"colorbar":{"outlinewidth":1,"tickcolor":"rgb(36,36,36)","ticks":"outside"},"colorscale":[[0.0,"#440154"],[0.1111111111111111,"#482878"],[0.2222222222222222,"#3e4989"],[0.3333333333333333,"#31688e"],[0.4444444444444444,"#26828e"],[0.5555555555555556,"#1f9e89"],[0.6666666666666666,"#35b779"],[0.7777777777777778,"#6ece58"],[0.8888888888888888,"#b5de2b"],[1.0,"#fde725"]],"type":"surface"}],"table":[{"cells":{"fill":{"color":"rgb(237,237,237)"},"line":{"color":"white"}},"header":{"fill":{"color":"rgb(217,217,217)"},"line":{"color":"white"}},"type":"table"}]},"layout":{"annotationdefaults":{"arrowhead":0,"arrowwidth":1},"autotypenumbers":"strict","coloraxis":{"colorbar":{"outlinewidth":1,"tickcolor":"rgb(36,36,36)","ticks":"outside"}},"colorscale":{"diverging":[[0.0,"rgb(103,0,31)"],[0.1,"rgb(178,24,43)"],[0.2,"rgb(214,96,77)"],[0.3,"rgb(244,165,130)"],[0.4,"rgb(253,219,199)"],[0.5,"rgb(247,247,247)"],[0.6,"rgb(209,229,240)"],[0.7,"rgb(146,197,222)"],[0.8,"rgb(67,147,195)"],[0.9,"rgb(33,102,172)"],[1.0,"rgb(5,48,97)"]],"sequential":[[0.0,"#440154"],[0.1111111111111111,"#482878"],[0.2222222222222222,"#3e4989"],[0.3333333333333333,"#31688e"],[0.4444444444444444,"#26828e"],[0.5555555555555556,"#1f9e89"],[0.6666666666666666,"#35b779"],[0.7777777777777778,"#6ece58"],[0.8888888888888888,"#b5de2b"],[1.0,"#fde725"]],"sequentialminus":[[0.0,"#440154"],[0.1111111111111111,"#482878"],[0.2222222222222222,"#3e4989"],[0.3333333333333333,"#31688e"],[0.4444444444444444,"#26828e"],[0.5555555555555556,"#1f9e89"],[0.6666666666666666,"#35b779"],[0.7777777777777778,"#6ece58"],[0.8888888888888888,"#b5de2b"],[1.0,"#fde725"]]},"colorway":["#1F77B4","#FF7F0E","#2CA02C","#D62728","#9467BD","#8C564B","#E377C2","#7F7F7F","#BCBD22","#17BECF"],"font":{"color":"rgb(36,36,36)"},"geo":{"bgcolor":"white","lakecolor":"white","landcolor":"white","showlakes":true,"showland":true,"subunitcolor":"white"},"hoverlabel":{"align":"left"},"hovermode":"closest","mapbox":{"style":"light"},"paper_bgcolor":"white","plot_bgcolor":"white","polar":{"angularaxis":{"gridcolor":"rgb(232,232,232)","linecolor":"rgb(36,36,36)","showgrid":false,"showline":true,"ticks":"outside"},"bgcolor":"white","radialaxis":{"gridcolor":"rgb(232,232,232)","linecolor":"rgb(36,36,36)","showgrid":false,"showline":true,"ticks":"outside"}},"scene":{"xaxis":{"backgroundcolor":"white","gridcolor":"rgb(232,232,232)","gridwidth":2,"linecolor":"rgb(36,36,36)","showbackground":true,"showgrid":false,"showline":true,"ticks":"outside","zeroline":false,"zerolinecolor":"rgb(36,36,36)"},"yaxis":{"backgroundcolor":"white","gridcolor":"rgb(232,232,232)","gridwidth":2,"linecolor":"rgb(36,36,36)","showbackground":true,"showgrid":false,"showline":true,"ticks":"outside","zeroline":false,"zerolinecolor":"rgb(36,36,36)"},"zaxis":{"backgroundcolor":"white","gridcolor":"rgb(232,232,232)","gridwidth":2,"linecolor":"rgb(36,36,36)","showbackground":true,"showgrid":false,"showline":true,"ticks":"outside","zeroline":false,"zerolinecolor":"rgb(36,36,36)"}},"shapedefaults":{"fillcolor":"black","line":{"width":0},"opacity":0.3},"ternary":{"aaxis":{"gridcolor":"rgb(232,232,232)","linecolor":"rgb(36,36,36)","showgrid":false,"showline":true,"ticks":"outside"},"baxis":{"gridcolor":"rgb(232,232,232)","linecolor":"rgb(36,36,36)","showgrid":false,"showline":true,"ticks":"outside"},"bgcolor":"white","caxis":{"gridcolor":"rgb(232,232,232)","linecolor":"rgb(36,36,36)","showgrid":false,"showline":true,"ticks":"outside"}},"title":{"x":0.5,"xanchor":"center"},"xaxis":{"automargin":true,"gridcolor":"rgb(232,232,232)","linecolor":"rgb(36,36,36)","showgrid":true,"showline":true,"ticks":"outside","title":{"standoff":15},"zeroline":false,"zerolinecolor":"rgb(36,36,36)"},"yaxis":{"automargin":true,"gridcolor":"rgb(232,232,232)","linecolor":"rgb(36,36,36)","showgrid":true,"showline":true,"ticks":"outside","title":{"standoff":15},"zeroline":false,"zerolinecolor":"rgb(36,36,36)"},"autosize":true,"height":400,"margin":{"b":30,"l":30,"r":30,"t":30},"width":600}},"xaxis":{"anchor":"y","domain":[0.0,1.0]},"yaxis":{"anchor":"x","domain":[0.0,1.0],"autorange":"reversed"},"coloraxis":{"colorscale":[[0.0,"rgb(103,0,31)"],[0.1,"rgb(178,24,43)"],[0.2,"rgb(214,96,77)"],[0.3,"rgb(244,165,130)"],[0.4,"rgb(253,219,199)"],[0.5,"rgb(247,247,247)"],[0.6,"rgb(209,229,240)"],[0.7,"rgb(146,197,222)"],[0.8,"rgb(67,147,195)"],[0.9,"rgb(33,102,172)"],[1.0,"rgb(5,48,97)"]],"cmin":-1,"cmax":1},"title":{"text":"Correlation Heatmap of Numeric Features with Rating"},"width":800,"height":700},                        {"responsive": true}                    )                };                            </script>        </div>
</body>
</html>